BEACON_DEFAULT_RECORD_ID <- 15650271L